image: workstation_map.png
resolution: 0.05
origin: [-24.874999618530275, -6.875000095367431, 0.0]
negate: 0
occupied_thresh: 0.65
free_thresh: 0.196